0.469361792 -0.641070735 -0.607229628 3000
0.523138739 -0.689073018 0.50150198 3000
0.597437482 0.223271162 0.770206754 1000
-0.162155083 0.157775843 0.974070076 3000
0.109957174 0.843020529 0.526522372 3000
0 0 1 0
0.330265111 -0.940276018 -0.082498279 3000
-0.761141856 0.022554439 0.648193159 3000
-0.957278506 -0.059991018 0.282876192 1000
-0.876426318 0.25402398 0.409082787 3000
-0.917101471 0.34561237 -0.198688151 3000
-0.459713786 0.859983504 -0.221566259 3000
-0.175488727 0.943512596 -0.281047483 1000
-0.002625559 0.983462182 0.181094569 3000
0.980835828 -0.161822646 -0.108510415 3000
-0.209760032 -0.280663002 -0.936605044 3000
-0.020857066 0.250623419 0.967859951 1000
0.486729415 0.422555226 0.764553175 3000
-0.046898306 0.387457723 -0.920693794 3000
0.710052729 0.494027391 0.501758965 3000
-0.016643471 -0.96519114 -0.261015437 1000
0.726549689 0.681880499 -0.084643571 3000
-0.734812057 0.556393631 0.387914125 3000
0.209761623 -0.882625692 -0.42068034 3000
0.834089375 0.544236885 -0.090006261 1000
-0.136494865 0.973373645 -0.184154551 3000
0.537623512 -0.440743762 0.718822576 3000
-0.540553743 -0.199163456 0.817395601 3000
0.611641504 -0.119204408 -0.782102922 1000
0.895370022 0.249069855 0.369156783 3000
-0.051696975 0.457676816 0.887614418 3000
0.389393877 -0.246698302 0.887418929 1000
-0.312537374 -0.906109607 -0.285106593 3000
-0.342185707 -0.728403147 0.593580489 3000
0.367729759 -0.670193253 -0.644682735 1000
-0.259791587 -0.473790774 0.841445562 3000
-0.865076835 0.081030262 -0.495051681 3000
-0.58324177 0.599995344 -0.547571571 1000
-0.980254238 0.0243151 -0.196240679 3000
-0.455114945 -0.085290513 -0.886338488 3000
0 0 1 0
0.150956591 -0.702442881 -0.695547344 3000
0.655631281 -0.134984542 0.742917759 3000