-0.483351437 -0.8752247 -0.018791288 3000
0.718398645 0.194040812 0.668020621 3000
0 0 1 0
-0.863380387 -0.483492519 -0.144254259 3000
-0.10197832 -0.901702071 0.420159251 3000
-0.203262724 -0.667182033 -0.716625704 1000
0.664173305 -0.347543201 -0.66188182 3000
-0.034184039 -0.702477585 0.710884445 3000
-0.394659435 -0.891517832 0.222350814 1000
0.372523899 -0.417860471 -0.828624506 3000
0.770696123 -0.403577814 0.493104892 3000
-0.5938303 -0.722382582 -0.354300691 1000
-0.183589346 -0.979147312 0.086979845 3000
-0.262272764 0.598237357 -0.757182318 3000
-0.347704719 0.24386718 -0.905334318 3000
-0.919867891 -0.160429387 -0.357918251 1000
0.935564999 0.079166415 -0.344166837 3000
0.548304119 0.487342068 -0.679603047 3000
0.875424291 0.419673552 -0.239804964 3000
-0.037306538 -0.703330833 0.709883062 1000
-0.10524157 0.040859744 -0.993606911 3000
-0.488136777 0.110367527 0.865760646 3000
0.210542577 0.613600515 0.761029717 3000
-0.567214165 0.821148342 0.063114898 1000
0.230550102 0.162999319 -0.959311145 3000
0.44556011 0.710714893 0.544390052 3000
-0.911094355 0.3483753 -0.220321871 1000
0.977887829 0.208111288 -0.020617582 3000
-0.663303956 -0.627398837 0.407919798 3000
-0.816923705 0.451225731 0.359208854 1000
0.510597046 -0.796269319 -0.324416134 3000
0.434021632 0.848921543 -0.301591507 3000
-0.621927741 -0.47731553 0.620786412 1000
0.737996368 -0.630514431 0.240443162 3000
0.658278004 -0.751336143 -0.046519559 3000
0 0 1 0
-0.783045222 -0.296796968 0.546581869 3000
-0.867670295 0.487419631 0.097828233 3000
-0.203771767 -0.252298766 0.945950527 1000
0.222278086 -0.838270194 0.497891086 3000
0.642567957 0.71810187 0.267275374 3000